	Sport	Technology	Law	Economy	ESport
á	1	0	0	0	1
ai	0	1	0.5	0	0
am hiểu	1	0	0	0	0
âm thầm	0	1	0	0	0
án	0	0	1	0.25	0
ẩn	0	1	0	0	1
ẩn số	0	0	0	0	1
an toàn	0	0.2	0.2	1	0
ấn tượng	0	0	1	0	0
ăn ý	1	0	0	0	0
anh	0.5294118	0.11764706	0	1	0.11764706
ánh	0	0	0	1	0
ảnh	1	0	0	0	0
ảnh hưởng	0.33333334	1	0	0	0
ảo	0	1	0	0	0
áp dụng	0	0	0	0	1
ấy	1	0	0	0	1
ba	0	0	1	0	0
bà	0	0	1	0	0
bắc	0	0.125	1	0	0
bậc	1	0	0	0	0
bài	1	0	0	0	0
bại	1	0	0	0	0
bài toán	0	0	0	1	0
bài trí	0	0	0	1	0
ban	1	0.14285715	0.14285715	0.14285715	0
bán	0.16666667	0.6666667	0	1	0
bàn	1	0	0	0	0
bắn	0	0	0	0	1
bản	0	0.4	0.4	0	1
bạn	0.5	0.25	0.25	0	1
bản án	0	0	1	0	0
bán buôn	0	0	1	0	0
bàn cãi	1	0	0	0	0
bàn giao	0	0	0	1	0
bán kết	1	0	0	0	0
bán kính	0	0	0	1	0
bán lẻ	0	0	1	1	0
bản lĩnh	0	0	0	0	1
bản quyền	0	0	1	0	0
bận tâm	0	0	0	1	0
bản thân	0	0.6666667	0	0	1
bản thảo	0	1	0	0	0
băng	0	0	0	0	1
bằng	1	1	0	0	0
bảng	1	0	0	0	0.33333334
băng giá	0	0	0	0	1
báo	0	0	1	0	0
bảo	1	0	0.5	0	0
báo cáo	0	0.75	0	1	0
bảo chứng	0	0	0	1	0
bao giờ	1	0	0	0	0
bao gồm	0	1	0	0	0
bảo lãnh	0	0	0	1	0
bảo toàn	0	0	0	1	0
bảo tồn	0	1	0	0	0
bảo vệ	0	0	1	0	0
bao xa	0	1	0	0	0
bất	1	0	0	0	0
bắt	0	0	1	0.25	0.25
bật	0	1	0	0	0
bắt đầu	0	0	0	1	0
bất động	0	0	0	1	0
bất động sản	0	0	0	1	0
bắt giữ	0	0	1	0	0
bất kỳ	0.33333334	1	0	0.33333334	0.6666667
bất ngờ	0	0	0	0	1
bầu chọn	1	0	0	0	0
bay	0	0	0	0	1
bé	0	0	1	0	0
bề	0	0	0	1	0
bệ phóng	0	0	0	1	0
bế tắc	0	0	1	0	0
bên	0.2	0.2	0.4	1	0.2
bến	0.33333334	0	1	0	0.33333334
bền	0	1	0	1	0
bền vững	0	0.2	0	1	0
bét	1	0	0	0	0
beta	0	1	0	0	0
bí	0	0	0	1	0
bỉ	1	0	0	0	0
bị	0.09090909	0.27272728	0.72727275	0.27272728	1
bị can	0	0	1	0	0
bị đơn	0	0	1	0	0
bí quyết	1	0	0	1	0
bia	0	0	0	1	0
biên	0	0	1	0	0
biển	0	0	0	1	0
biết	0.6	1	0.6	0.2	0.4
biệt	0	1	0	0	0
biểu hiện	1	0	0	0	0
bình	0	0	1	1	0.5
bình chọn	1	1	0	0	0
bình luận	1	0	0	0	0
bo	0	0	0	0	1
bò	1	0	0	0	0
bỏ	0	0	0	0.4	1
bờ	0	0	0	1	0
bộ	0	0.1	1	0.1	0
bộ não	1	0	0	0	0
bổ nhiệm	0	1	0	0	0
bộ phận	0	1	0	0	0
bỏ qua	0	0	0	1	0
bổ trợ	0	0	0	0	1
bơi	0	0	0	1	0
bởi	0.2	0.4	0	1	0
bối cảnh	0	0	0	1	0
bối rối	0	1	0	0	0
bồi thường	0	0	1	0	0
bởi vì	1	0	0	0	0
bốn	0	0	0	1	0
bóng	1	0	0	0	0
bóng đá	1	0	0	0	0
bột	0	1	0	0	0
box	0	0	0	0	1
bực	0	1	0	0	0
bùi	0	0	1	0	0
buộc	0	0.5	0.5	0	1
bước	1	0.5	0.5	0	1
buổi	0	1	0	0	0
buồn	0	1	1	0	0
buồng	0	0	1	0	0
cá	0	1	0	0	0
cả	0.8	0.6	0.4	0.8	1
cá nhân	1	0	0	0	0
các	0.4	1	0.3	0.73333335	0.43333334
cách	0	1	0	1	0.6666667
cách âm	0	1	0	0	0
cách thức	1	0	0	0	0
cái	0.22222222	0	0	0	1
cai ngục	0	0	0	0	1
cải thiện	0	1	0	0	0
cam	0	0	0	1	0
cấm	0	1	0	0	0
cầm	1	0	0	0	0
cảm	0	1	0	0	0
cầm chắc	1	0	0	0	0
cam kết	0	0	0	1	0
camera	0	1	0	0	0
can	0	0	1	0	0
càn	0	0	0	0	1
căn	0	0	0.6666667	1	0
cần	0.25	0.25	0.25	1	0.25
cản	1	0	0	0	0
căn cứ	0	0	1	0	0
căn hộ	0	0	0	1	0
cân nhắc	0	0	0	1	0
cần thiết	0	0	0	0	1
càng	1	0	0	0	0
căng thẳng	1	0	0	0	1
canh	0	0	0	0	1
cánh	1	0	0	0	0
cạnh	0	0.33333334	0	1	0.33333334
cảnh báo	0	1	0	0	0
cảnh sát	0	0	1	0	0
cạnh tranh	0	0	0	0	1
cao	0.3	0	0.1	1	0.2
cáo buộc	0	1	0	0	0
cao cấp	0	0	0	1	0
cấp	0	0	1	0.3	0
cập	1	0	0	0	1
cấp độ	0	0	0	0	1
cập nhật	0	1	0	0	0
cắt	0	0	1	0	0
cắt cổ	0	0	1	0	0
câu	1	0	1	0	0
cầu	0.5	0	0.5	1	0
câu lạc bộ	1	0	0	0	0
cầu thủ	1	0	0	0	0
cầu vượt	0	0	1	1	0
cây	0	0	0	1	0
cha	0	0	1	0	0
chắc	1	0	0	1	0
chắc chắn	0.5	0	0	0	1
chắc hẳn	0	0	0	0	1
chăm sóc	0	1	0	0	0
chạm trán	1	0	0	0	0
chân	1	0	0	0.5	1
chân lý	0	0	0	0	1
chàng	0	0	0	0	1
chẳng	0	0.33333334	0	0	1
chẳng hạn	0	0	0	0	1
chẳng thể	0	1	0	0	0
chào bán	0	0	0	1	0
chào đón	0	1	0	1	0
chấp nhận	0	0	1	0.33333334	0
chấp thuận	0	0	1	0	0
chat	0	1	0	0	0
chất	0.5	0	0	1	0
chặt	1	0	0	0	0
chặt chẽ	0	0	0	1	0
chất lượng	1	0	0	1	1
chật vật	0	0	0	0	1
cháu	0	0	1	0	0
châu	0.41666666	0	1	0	0
chạy đua	0	0	0	1	0
chế độ	0	0.16666667	0	0	1
chế phẩm	0	0	1	0	0
chế tạo	0	1	0	0	0
chênh lệch	0	0	0	0	1
chết	0	0	0	0	1
chi	0	0	0	1	0
chí	0	1	0	0	0
chỉ	0.3	0.4	0.6	1	1
chị	0	0	1	0	0
chỉ đạo	0	0	1	0	0
chi nhánh	0	0	1	0	0
chi phí	0	0.33333334	0.33333334	1	0
chi tiết	0	0	1	0	1
chi trả	0	0	1	0	0
chia	0	0	0	0	1
chìa	0	1	0	0	1
chia sẻ	1	0.5	1	0.5	0.5
chia tay	1	0	0	0	0
chiếc	0	1	0	0	0.4
chiếm	0	0	0	1	0
chiếm đoạt	0	0	1	0	0
chiến	1	0.5	0	0.5	0
chiến đấu	1	0	0	0	0
chiến lược	0	1	0	1	0
chiến thắng	1	0	0	0.09090909	0
chiến thuật	1	0	0	0	0
chiêu	0	0	0	0	1
chiếu	0	0	0	1	0
chính	0.33333334	0	0.33333334	1	0.8333333
chinh phục	1	0	0	1	0
chính sách	0	0	0	1	0
chỉnh sửa	0	1	0	0	0
chính thức	0	1	0	0	0
chính trị	0	1	0	0	0
chính xác	1	0	0	0	0
chip	0	1	0	0	0
cho	0.7894737	0.7368421	0.84210527	1	0.94736844
chờ	0	0	0	1	0
choáng ngợp	0	0	0	0	1
chơi	0.31578946	0	0.10526316	0.05263158	1
chọn	1	0	1	1	1
chồng	0	0	1	0	0
chốt	0	0	0	1	0
chợt	0	0	0	0	1
chủ	0	0.1	0	1	0.1
chứ	0	0	0.33333334	1	0
chủ động	0	0	1	0	1
chu kỳ	0	0	0	1	0
chủ sở hữu	0	0	1	0.5	0
chủ tịch	0	0	0	1	0
chú trọng	0	0	0	1	0
chưa	0.5	1	0.5	0.5	1
chứa	0	1	0	0	0
chứa đựng	0	0	0	1	0
chuẩn	1	0	1	0	1
chuẩn bị	0	0	0	0	1
chục	0	0.25	0	1	0
chức	1	1	1	0	1
chức năng	0	0	1	0	0
chức vụ	0	0	1	0	0
chung	0	0	0	1	1
chúng	0	1	0	0	0.33333334
chứng	0.33333334	0	1	0	0.6666667
chung cư	0	0	0	1	0
chứng cứ	0	0	1	0	0
chung cuộc	1	0	0	0	0
chung kết	0.16666667	0	0	0	1
chứng khoán	0	0	0	1	0
chứng kiến	0	0	0	0	1
chứng minh	1	0	0	0	0
chứng nhận	0	0	1	0	0
chừng như	0	0	0	0	1
chúng ta	0	1	0	1	0
chứng tỏ	1	0	0	0	0
chúng tôi	0	1	0	0	0
chuỗi	0.25	0	0	1	0.25
chuộng	0	1	0	0	0
chương trình	0	1	0	0	0
chuyên	0	0	1	1	0
chuyến	1	0	0	0	0
chuyền	1	0	0	0	0
chuyển	0.33333334	0.33333334	1	0.6666667	0
chuyện	0	1	0	0	0
chuyên dụng	0	0	0	0	1
chuyên môn	1	0	1	0	0
chuyên nghiệp	0	1	0	0	0
có	0.6666667	0.45833334	0.6666667	0.75	1
cố	0	0	1	0	0
cỗ	0	0	0	0	1
cổ	0	1	0	1	0
cờ	0	0	0	0	1
cơ chế	0	0	0	0	1
có của	0	0	0	1	0
cổ đông	0	0	0	1	0
cổ động viên	1	0	0	0	0
có giá	0	1	0	0	1
cơ hội	1	0	0	0.25	0
có lẽ	1	1	0	0	0
có mặt	1	0.5	0.5	0	0
có nghĩa	0	0	1	1	0
cổ phần	0	0.33333334	0	1	0
cổ phiếu	0	0	0	1	0
cơ quan	0	0	1	0	0
cơ sở	0.5	0	1	0.5	0
có thể	0.29411766	0.5882353	0	0.47058824	1
coi	0.33333334	0	0.6666667	0.6666667	1
con	1	0	0	0	0
còn	0.53846157	0.30769232	0.30769232	1	0.3846154
cơn	1	0	0	0	0
con người	0	1	0	0	0
công	0	0	1	0	0.5
cổng	0	0	1	0	0
cộng	0	1	1	0	0
công an	0	0	1	0	0
công bố	0	1	0	0.5	0
công cụ	0	1	0	0	0
cống hiến	1	0	0	0	0
công khai	0	1	0	0	0
công nghệ	0	1	0	0	0
công phá	1	0	0	0	0
công thức	0	0	0	1	0
công ty	0	0.5555556	1	0.5555556	0
công ty cổ phần	0	0	0	1	0
công ty mẹ	0	0	0	1	0
công văn	0	0	1	0	0
công việc	0	1	0	0	0
công viên	0	0	0	1	0
console	0	0	0	0	1
cốt	1	0	0	0	0
cú	0	0	0	0	1
cũ	0	0	0	0	1
cụ	0	0	1	0	0
cứ	0	0	1	0	0
cư dân	0	0	0	1	0
của	0.962963	0.8888889	0.7407407	1	0.5555556
cửa	1	0	0.5	0	0
cửa hàng	0	0	0	1	0
cục	0	0	1	0	1
cực	0	1	0	0	0
cực kì	0	0	0	0	1
cực kỳ	0	1	0	0	0
cụm	0	1	0	0	0
cung	0	0	0	0.8	1
cùng	1	0.33333334	0	0.5	0.33333334
cũng	0.2631579	0.42105263	0.2631579	0.68421054	1
cung cấp	0	0	0	0	1
củng cố	1	0	0	0	0
cuộc	1	0	1	0.5	0
cuộc chơi	0	0	0	1	0
cuộc sống	0	1	1	0	0
cuối	0.25	0.375	0	1	0.75
cười	0	0	0	0	1
cuối cùng	0	0.5	0	0	1
cuộn	0	1	0	0	0
cường	0	0	1	0	0
cuồng chiến	0	0	0	0	1
cuồng nhiệt	0	0	0	0	1
cúp	1	0	0	0	0
cứu	1	0	0	0	0
da	0	0	0	1	0
đa	0	0	0	1	0
đà	0	0	1	1	0
đã	0.53846157	0.7692308	0.7307692	0.61538464	1
đa dạng	0	0	0	1	0
đá tảng	1	0	0	0	0
đặc	0	0	1	0	0
đặc biệt	0	0	0.5	0	1
dài	1	0	1	1	0
đại	0	0	0	1	0
đại diện	0	0	1	0	0.5
đại gia	0	0	0	1	0
đại học	0	1	0	0	0
đám	0	1	0	0	0
đảm	0	0	0	1	0
đảm bảo	0	0	0.25	1	0
đàm phán	0	0	1	0	0
dân	0	0	0	1	0
dần	0	0	0	1	1
dẫn	0	0	0	1	0.25
dặn	0	0	1	0	0
đàn bà	0	0	1	0	0
dẫn chứng	0	0	0	1	0
dẫn dắt	0	0	0	1	0
dẫn đầu	0	0	0	1	1
đàn ông	0	0	1	0	0
dạng	0	1	0	1	0
đang	0.33333334	0.4	0.2	1	0.4
đáng	1	0.6666667	0	0	0.33333334
đăng	1	0	0	0	0
đẳng cấp	1	0	0	0.5	0
đăng ký	0	0	1	0	0
đăng quang	0	0	0	0	1
đăng tải	1	0	0	0	0
dành	0	0	1	0	0.5
đánh	0	0	0	0	1
đành	0	0	0	0	1
đánh bại	1	0.25	0	0	0
đánh dấu	0	0	0	1	0
danh dự	1	0	0	0	0
danh giá	1	0	0	0	0
đánh giá	1	0	0	1	0
danh hiệu	1	0	0	0	0
danh mục	0	0	0	1	0
danh sách	1	1	0	0	0
danh tiếng	0	1	0	0	0
đánh úp	0	0	0	0	1
dao	0	0	1	0	0
đảo	1	0	0	0	1
đạo	1	0	0	0	0
đạo diễn	0	0	1	0	0
đáp	1	0	0	0	0
đáp ứng	0	0	0	1	0
đất	0	0	0	1	0
đạt	0	0.33333334	0.33333334	1	0
đặt	0	1	0	0	0
đâu	0	0	0	0	1
đấu	0.8125	0	0	0	1
đầu	0	0.3	0	1	0.6
dấu ấn	1	0	0	1	0
đầu bảng	1	0	0	0	0.5
đầu cơ	0	0	0	1	0
dấu hiệu	0	1	0	0	0
đầu tiên	0.6666667	1	0	0	1
đấu trường	0.25	0	0	0.25	1
đầu tư	0	0	0.03125	1	0
đầu vào	0	1	0	1	0
dày	0	0	0	1	0
dậy	1	1	0	0	0
đây	0	0.6666667	0.33333334	1	0.33333334
đầy	0.33333334	0.16666667	0	0	1
đẩy	1	0	0.5	0.5	1
đầy đủ	0	0	0	1	1
dễ	1	0	1	0	0
để	0.5	0.71428573	0.9285714	1	0.9285714
dễ chịu	0	0	0	0	1
dễ dàng	0	0	0	1	1
đề nghị	0	0	1	0	0
đem	0	0	0	1	0.5
đen	0	0	1	0	0
đèn	0	0	0	0	1
đến	0.7692308	0.53846157	0.46153846	1	0.3846154
đèn lồng	0	0	0	0	1
dẻo	1	0	0	0	0
đeo	0	1	0	0	0
đẹp	0	0	1	0	0
đều	0	0.25	0.25	1	1
di	0	0	0	1	0
đi	1	0.11111111	0.22222222	0.44444445	0.5555556
di chuyển	0	0	0	0	1
di động	0	0.14285715	0	1	0
di sản	1	1	0	0	0
địa	0	0	0	1	0
địa chấn	1	0	0	0	0
địa phương	0	0	1	0.5	0
dịch	0	1	1	1	0
đích	0	0	0	0	1
địch	0	0	0	0	1
dịch vụ	0	0.6	0.6	0.4	1
điểm	1	0	0.33333334	0.33333334	0.33333334
diễn	0.14285715	0.14285715	1	0.14285715	0
diện	0	0.25	1	0	0.25
điển	0	0	0	1	0
điện	0	1	0	0.5	0
diễn biến	0	0	0	1	0
diễn đàn	0	1	0	0	0
điện máy	0	0	0	1	0
điện tử	0	1	0	0	0
diễn viên	0	0	1	0	0
diệt	0	1	0	0	0
điều	0.33333334	0.33333334	1	0.33333334	0.6666667
điều hoà	0	0	0	1	0
điều khoản	0	0	1	0	0
điều kiện	0	0.5	1	1	0
điều kiện đủ	0	0	1	0	0
điều tra	0	0	1	0	0
đình	1	0	0	1	0
đỉnh	0	0	0	0	1
định	1	0	0	1	0
đỉnh cao	1	0	0	0	0
đình chỉ	0	0	1	0	0
định dạng	0	1	0	0	0
dinh dưỡng	1	0	0	0	0
định kỳ	0	0	1	0	0
do	0	0.25	0.5	1	0.25
dở	0	0	0	0	1
đó	0.44444445	0.7777778	0.22222222	1	1
đồ	0	0	0	1	1
đỗ	0	0	0	1	0
đổ	0	0	0	1	0
độ	0.5	1	0	0.5	0.5
đoạn	0	0	0	1	0.5
doanh nghiệp	0	0.33333334	1	0.6666667	0
doanh số	0	1	0	0	0
doanh thu	0	0.2	0	1	0
đọc	0	1	0	0	0
độc	0	0	1	0	0
độc đáo	0	0	0	0	1
dời	0	1	0	0	0
đòi	0	0	1	0	0
đối	0	0	1	0	0
đồi	1	0	0	0	0
đỏi	0	0	0	1	0
đổi	0	1	0	0	0
đời	1	0	0	0	0
đội	1	0	0	0	0.22222222
đợi	0	0	0	1	1
đồi bại	0	0	1	0	0
đối đầu	1	0	0	0	0
đội hình	1	0	0	0	1
đối mặt	0.5	1	0	0	0
đối thủ	1	0	0	0.11111111	0.33333334
đối tượng	0	0	1	0	0
đội tuyển	0.45454547	0	0	0	1
đối với	0.25	0.25	1	1	0.25
dọn	0	0	1	0	0
đón	0.5	0	0	1	0
đòn	0	0	0	0	1
đơn	0	0	0.5	0	1
đơn cử	0	0	0	1	0
đơn giản	0	1	0	0	0
đơn vị	0	0	0.5	0	1
dòng	0	0.16666667	0	1	0.16666667
đong	1	0	0	0	0
đóng	0	1	0	0	1
đông	0.5	0	0	0	1
đồng	0.071428575	0	0.071428575	1	0.071428575
đọng	0	0	0	1	0
động	0	1	0	0	0
dõng dạc	1	0	0	0	0
đồng đội	1	0	0	0	0.75
đóng góp	1	0	0	0	0
đồng hành	1	0	0	0	0
động lực	1	0	0	0	0
đồng minh	0	0	0	0	1
đồng tiền	0	0	1	0	0
đồng vốn	0	0	0	1	0
đồng ý	0	0	1	0	0
đốt	0	0	1	0	0
đợt	0	0	0	1	0
đột phá	0	1	0	0.5	0
dù	0	0.5	0	0	1
dư	0	0	0	1	0
dụ	0	0	0	0	1
dự	0	0	0.33333334	1	0
đủ	0	1	0	1	1
dự án	0	0	0.1875	1	0
dự báo	0	0	0	1	0
dự đoán	1	0	0	0	0
du hành vũ trụ	0	1	0	0	0
du học	0	0	0	0	1
dự kiến	0	1	0	0	0
du lịch	0	0	0	1	0
dữ liệu	0	1	0	0	0
dư lượng	1	0	0	0	0
dựa	0	1	1	1	0
đua	0.25	0	0	1	0
đưa	0	0.5	1	0.5	0
đức	1	0	0	0	0
dùng	0	1	0.11111111	0	0.6666667
dừng	0.5	0	0	0.5	1
đúng	0.6666667	0	1	0.6666667	0.33333334
đụng	0	1	0	0	0
đứng	1	0.2	0	0	0.2
dụng cụ	0	0	1	0	0
được	0.53571427	1	0.4642857	0.85714287	0.60714287
dược phẩm	0	0	1	0	0
dưới	0	1	1	0.33333334	0
dưỡng	0	0	0	1	0
đương	0	0.5	0	1	0
đường	1	0	0	0	0.6666667
đường cao tốc	0	0	1	0	0
dưỡng chất	1	0	0	0	0
dứt	0	0	0	1	0
duy	1	0	0	0	0
duy nhất	0	0	0	1	0
duy trì	0	0	0	1	1
duyên	1	0	0	0	0
e ngại	1	0	0	0	0
euro	1	0	0	0	0
ga	0	0	0	1	0
gã	0	1	1	0	0
gái	0	0	1	0	0
gan	1	0	0	0	0
gần	0.75	0.25	0	1	0.25
gắng	1	0	0	0	0
gặng	0	0	1	0	0
găng tay	0	0	0	0	1
gánh	0	0	0	0	1
gấp	0	0	0	1	0
gập	0	1	0	0	0
gặp	1	0.25	0.25	0.5	0.25
gấp rút	0	0	0	1	0
gây	0	0.6666667	1	0.33333334	0
ghế	0	1	0	0	0
ghẻ lạnh	0	0	0	0	1
ghi	1	0.33333334	0	0.33333334	0
ghi bàn	1	0	0	0	0
ghi điểm	0	0	0	1	0
ghi nhận	0	0	0.25	1	0
gì	0.6	1	0	0	0.6
giá	0	0.5555556	0	1	0.22222222
giả	1	0	0	0	0
gia cố	0	1	0	0	0
gia đình	0	0	1	0.33333334	0
gia dụng	0	0	0	1	0
gia nhập	1	0.5	0	0	0
giá trị	0	1	0	0.6666667	0
giai	1	0	0	0	0
giải	1	0	0	0.5714286	0.71428573
giai đoạn	1	0.5	0	1	0.5
giải khát	0	0	0	1	0
giải pháp	0	0	0	1	0
giải quyết	0	1	0	1	0
giải thích	0	1	0	0.5	0
giải trí	0	0	0	1	0
giam	0	0	1	0	0
giảm	0	0.6666667	0	0.33333334	1
giám định	0	0	1	0	0
giám đốc	0	0.5	1	0	0
giám đốc điều hành	0	1	0	0	0
gian	0	0	0	1	0
giãn	0	0	0	0	1
giận dữ	0	1	0	0	0
gián tiếp	1	0	0	0	0
giành	1	0.125	0	0.125	0.375
giao	0	0	0	1	0
giáo	0	0	0	1	0
giao bóng	1	0	0	0	0
giao dịch	0	0	0	1	0
giao thông	0	0	0	1	0
giao tiếp	0	0	1	0	0
giáp	0	0	0	0	1
giàu	1	1	0	0	0
giày	1	0	0	0	0
giấy	0	0	1	0	0
giấy thông hành	0	0	0	1	0
giết	0	0	1	0	0.5
gió	0	0	0	1	0
giờ	0	0.5	0	1	0.5
giờ đây	0	1	0	0	0
giỏi	1	0	0	0	0
giới	0.5	0.5	0	1	0
giới thiệu	0	1	0	0	0
giống	0	0	0	0	1
giữ	0.14285715	0.2857143	0.5714286	1	0
giữa	1	0	0.6666667	0.33333334	0
giúp	1	0.375	0	0.25	0
gỗ	1	0	0	0	0
góc	0	1	0	0	0
gốc	0	0	0	1	0
góc độ	0	0	0	1	0
gốc rễ	0	0	0	1	0
gọi	0	0	1	1	1
gồm	0	1	0	0	0
gòn	0	0	0	1	0
góp mặt	0	0	0	0	1
góp phần	0	1	0	0	0
gục	0	0	0	0	1
gửi	0.33333334	0	0	1	0
hà	0.16666667	0	0.16666667	1	0
hạ	0	0	0	1	0.4
hai	0	0.33333334	0.6666667	0.16666667	1
hâm	1	0	0	0	0
hầm	0	1	0	1	0
hâm mộ	1	0	0	0	0.75
hẳn	0	0	0	0	1
hạn	0	0	0.5	1	0
hang	1	1	0	0	0
hàng	0.22222222	0.7777778	0.44444445	1	0.11111111
hãng	0	1	0	0	0
hàng đầu	0	0	0	0	1
hàng loạt	1	0	0	1	1
hạng mục	0	0	0	1	0
hành lang	1	0	0	0	0
hạnh phúc	1	0	1	0	0
hành trình	0	0	0	0	1
hành vi	0	0.11111111	1	0	0
hấp dẫn	0	0.5	0	1	1
hạt giống	0	1	0	0	0
hậu	1	0	0	0	0
hậu quả	0	0	1	0	0
hậu vệ	1	0	0	0	0
hay	0.6666667	0.33333334	0	0.16666667	1
hề	0.16666667	0	0	0	1
hệ	0	0	0	0	1
hệ điều hành	0	1	0	0	0
hệ thống	0.5	1	0	1	0
hẹn	0	1	0	0	0
hết	0	0	0	1	0
hi sinh	0	0	0	0	1
hiếm	0	0	0	1	0
hiện	0.2857143	0.42857143	0.2857143	1	0.14285715
hiện hành	0	0	1	0	0
hiện hữu	0	0	0	1	0
hiện nay	0	0.5	0	1	0
hiển nhiên	0	0	0	0	1
hiện tại	0.5	0	0	0.5	1
hiếp dâm	0	0	1	0	0
hiểu	0	1	0	1	1
hiểu biết	0	0	1	0	0
hiệu quả	0	0	0	1	0.33333334
hình	0	0	1	0	0
hình ảnh	1	0	0	0	0
hình sự	0	0	1	0	0
hình thành	0	0	0	1	0
hình thức	0	0	0	1	0
hồ	0	0	0	1	0
họ	0.125	1	0	0.125	0.875
hồ sơ	0	0	1	0	0
hỗ trợ	0	0.5	0	0.5	1
hoa	0	0	1	0	0
hoặc	0	0.25	0	1	0.25
hoài	0	0	1	0	0
hoàn	0	0	0	1	0
hoàn cảnh	0	0	1	0	0
hoàn thiện	0	0	0	1	0.5
hoàn toàn	1	1	1	1	1
hoàng	0	0	1	0	0
hoạt	0	0	0	0	1
hoạt động	0	0.1	0.1	1	0.2
học	1	0	1	0	0
hồi	1	0	0	0	0
hỏi	0	0	0.5	1	0
hội	0.25	0	1	0	0
hội nghị	0	0.5	0	1	0
hồi phục	0	0	0	0	1
hội ý	0	0	1	0	0
hôm	1	0	0	0	0
hôm nay	0	0	0	0	1
hôm qua	0	0	1	0	0
hòn	1	0	0	0	0
hơn	0.41666666	0.5	0.16666667	1	0.083333336
hơn nữa	1	0	0	0	0
hợp	0	0	0	1	0
hợp đồng	0	1	1	0	0
hợp lý	0	1	0	0	0
hợp nhất	0	0	0	1	0
hợp pháp	0	0	1	0	0
hợp tác	0	1	0	1	0
hợp thành	1	0	0	0	0
hormone	1	0	0	0	0
hotel	0	0	0	1	0
hứa hẹn	0	0	0	0.33333334	1
huấn luyện	1	0	0	0	0
hùng	0	0	1	0	0
hứng thú	0	1	0	0	0
hướng	1	0	1	0	0
hưởng	0	0	0	1	0.5
huy động	0	0	0	1	0
huyền	0	0	1	0	0
huyện	0	0	1	0.25	0
hy sinh	1	0	0	0	0
hy vọng	1	0	0	0	0
in	0	0	0	1	0
ít	0	0	0.5	1	0
ít nhất	1	0	0	0	0
ké	0	0	0	0	1
kẻ	1	0	0	0	1
kể	0	0	1	0	1
kế hoạch	0	1	0	0.5	0
kế thừa	0	1	0	0	0
kém	0	0	0	1	1
kèm	0	0	0	0	1
kém cạnh	1	0	0	0	0
kén	0	1	0	0	0
kênh	0	0	0	1	0
kéo	1	0	1	1	1
kết	0	1	0	1	0
kết hôn	0	0	1	0	0
kết hợp	1	0	0	0	0
kết liễu	0	0	0	0	1
kết luận	0	0	1	0	0
kết nối	0	0	0	1	0
kết quả	0.5	1	0	0	0
kết thúc	1	0.5	0	0.5	0
khá	0.25	0	0	0.25	1
kha khá	0	0	0	0	1
khả năng	1	0	0	0.6666667	1
khác	0	1	0	0.5	1
khắc	1	0	0	0	0
khác biệt	0	0	1	1	0
khắc phục	0	1	0	0	0
khách	0	0	1	0.5	0
khách hàng	0	0.2	0.4	1	0
khách sạn	0	0	0	1	0
khai	0	0	1	0	0
khai thác	0	0	0	1	0
khám xét	0	0	1	0	0
khan	0	0	0	1	0
khẩn cấp	0	0	1	0	0
khán giả	1	0	0	0	1
khẩn trương	0	0	1	0	0
kháng	0	0	1	0	0
kháng cáo	0	0	1	0	0
khẳng định	1	0	0	0.5	0
kháng sinh	1	0	0	0	0
khảo	0	1	0	0	0
khắp	0	1	0	0	1
khẩu độ	0	1	0	0	0
khép	0.5	0	0	0	1
khi	1	0.8333333	0.5555556	0.8333333	0.8888889
khí hậu	0	1	0	0	0
khi hồi	0	0	0	0	1
khiến	1	0.6666667	0	0.33333334	0.5
kho	0	1	0	0	0.33333334
khó	1	0	0	1	1
khó chịu	0	0	0	0	1
khó khăn	0	0	0	0	1
khoa	0	1	0	0	0
khoá	0	0	1	0	0
khoan	1	0	0	0	0
khoản	0	0	0.5	1	1
khoảng	0	1	0	0.75	0
khoảng cách	0	0	0	0	1
khói	0	0	1	0	0
khối	0	1	0	0	0
khỏi	0	0	1	0	0
khởi đầu	0	1	0	0	0
khởi điểm	0	1	0	0	1
khởi tố	0	0	1	0	0
khốn đốn	0	1	0	0	0
khôn khéo	0	0	0	0	1
không	0.85714287	0.47619048	0.6666667	0.8095238	1
khống	0	0	1	0	0
khống chế	0	0	0	0	1
không gian	0	0	0	1	0
không khí	1	0	0	0	0
khổng lồ	0	1	0	0	0.33333334
không thể	0.4	0.2	1	0.2	0.6
khu	0.5	0	0	1	0
khu vực	0.8	0	0	1	0.4
khúc	0	0	0	1	0
khung	1	0	0	0	0
khủng hoảng	0	0	0	1	0
khuôn viên	0	0	0	1	0
kích	0	0	0	0	1
kịch	0	0	0	0	1
kịch bản	0	0	1	0	0
kích hoạt	0	1	0	0	0
kích thước	0	1	0	0	0
kịch tính	1	0	0	0	0
kiêm	0	0	1	0	0
kiểm sát	0	0	1	0	0
kiểm soát	0	1	0	0	0
kiến tạo	1	0	0	0.33333334	0
kiều	1	0	0	0	0
kiểu	0	0	0	0	1
kim	1	0	0	0	0
kim cương	0	0	0	1	0
kính	0	1	0	0	0
kinh điển	1	0	0	0	0
kinh doanh	0	1	0.4	0.8	0
kinh khủng	0	0	0	0	1
kinh nghiệm	0	0	0	1	1
kinh phí	0	0	0	0	1
kíp	0	0	0	1	0
kịp	0	1	0	0	1
km	0	0	0	1	0
kỳ	0	0.6666667	0	1	0
kỹ	0	0	0	1	0
kỳ hạn	0	0	0	1	0
kỷ lục	1	0	0	0	0
kỹ lưỡng	0	0	0	1	0
kỹ năng	0	0	0	0	1
kỹ sư	0	1	0	0	0
kỹ thuật	1	0	0	0	0
kỹ thuật số	0	1	0	0	0
kỳ vọng	0.5	0	0	1	0
la	1	0	0	0	0
lá	0	0	0	0	1
là	0.68421054	0.5	0.84210527	1	0.84210527
lạc	1	0	0	1	0
lạc quan	0	1	0	1	0
lãi	0	0	0	1	0
lại	0.5	0.5714286	0.071428575	1	0.71428573
lãi suất	0	0	0	1	0
làm	0.42857143	0.42857143	1	0	0.14285715
lâm	1	0	0.25	0	0
làm chủ	0	0	0	1	0
lạm dụng	0	0	1	0	0
làm gì	0	0.5	0.5	0	1
làm khách	1	0	0	0	0
làm việc	0	1	1	0.5	0
lan	1	0	0	0	0
lần	1	0.5	1	0.25	0.5
lẫn	1	1	0	0	1
lân cận	0	0	0	1	0
lần lượt	0	0	0	0	1
lang	0	0	0	1	0
lạnh	0	1	0	0	0
lãnh đạo	0	1	0	0	0
lập	0	1	0	0	0
lập tức	0	0	0	0	1
lật đổ	0	0	0	0	1
lâu	1	0	0	1	1
lầu	0	1	0	0	0
lâu dài	0	0	0	1	0
lấy	0	0	0	1	1
lệ	0	1	0.5	0	0
lệch	1	0	0	0	0
lên	0.4	1	0.4	1	0.8
lên ngôi	1	0	0	0	0
lệnh	0	1	0	0	0
leo	0	1	0	0	0
lịch sử	0	1	0	0	0
liên	0	0.25	1	0.25	0
liên lạc	0	0	1	0	0
liên quan	0	0	1	0.5	0
liên tiếp	1	0	0	0	0
liên tục	0.5	1	0	1	0.5
liệu	1	1	0	0	0
lĩnh vực	0	0.33333334	0	1	0
lỗ	0	0	0	1	0
loại	1	0	0	0	0.5
loại hình	0	0	0	1	0
loại trừ	0	1	0	0	0
loạt	1	0	0	0	0
lối	1	0	0	0	1
lỗi	0	1	0	0	0
lời	0	0	0.16666667	1	0
lội	0	0	0	0	1
lợi	0	0	0	1	0
lợi dụng	0	0	1	0	0
lợi ích	0	0	1	1	0
lợi nhuận	0	0	0	1	0
lợi thế	0.33333334	0	0	1	0.33333334
lớn	0.10526316	0.15789473	0.05263158	1	0
lòng	1	0	0	0	0
lồng	0	0	0	0	1
lớp	0	0	0	0	1
lọt	0	0	0	0	1
lửa	1	0	0	0	0
lựa chọn	0.6666667	0	0	1	0
luận	0	0	0	1	0
luật	0	0	1	0.5	0
luật hình sự	0	0	1	0	0
luật sư	0	0	1	0	0
luật tố tụng hình sự	0	0	1	0	0
lúc	1	0.5	1	0.5	1
lực	1	0	0	1	0
lúc nào	0	1	0	0	0
lùm	1	0	0	0	0
lưng	0	1	0	0	0
lưới	1	0	0	0	0
luôn	1	0	0.25	0.25	0.25
lương	1	0	1	0	0
lượng	0	0.5	0	1	1
lượt	1	0	0	0	0
lướt sóng	0	0	0	1	0
lưu	0	1	0	0	0
lưu trữ	0	1	0	0	0
luyện tập	1	0	0	0	0
lý	0	0	0	1	0
lý do	0.33333334	0	0	0	1
lý giải	0	0	0	0	1
mà	0.14285715	0.5714286	0.42857143	0.42857143	1
mã	0	1	0	0.16666667	0
mâm	0	0	1	0	0
man	1	0	0	0	0
màn	0	0	0	0	1
mãn	0	0	0	0	1
màn hình	0	1	0	0	0
mang	0.4	0.8	0	1	0.8
mảng	0	1	0	0	0
mạng	0	0.5	0	0	1
mạnh	0	0	0	1	1
mạnh mẽ	0	1	0	0	0
mạnh tay	0	0	0	0	1
mark	0	1	0	0	0
mất	1	1	0.5	0.5	0.5
mắt	0	0	0	0	1
mặt	0.5	0.5	0	1	0.5
mặt bằng	0	0	0	1	0.5
mặt hàng	0	1	1	0	0
mặt trận	1	0	0	0	0
máu	0	0	0	0	1
mẫu	0	1	0	0	0
máu lửa	1	0	0	0	0
máy	0	1	0.5	0	1
mây	0	1	0	0	0
mấy	0	0	0	0	1
máy chủ	0	0	0	0	1
may mắn	0	0	0	0	1
máy tính	0	1	0	0	0
mê	1	0	0	0	0
mệt	1	0	0	0	0
miền	0	0	1	1	1
miễn	0	0	0	0	1
miễn phí	0	0	0	0	1
mình	0.5	0.25	1	0	1
mở	0	1	0.125	0.375	0
mờ ám	0	1	0	0	0
mô hình	0	0	0	1	0
mở rộng	0	0	0.25	1	0
model	0	1	0	0	0
mối	1	0	0	0	0
mỗi	1	0.5	0	1	1
mọi	1	0	0.33333334	0	1
mới	0.2857143	0.5714286	0.5714286	0.2857143	1
mời	0	0	1	0	0
mới đây	0	0	0	0	1
mới lạ	0	0	0	1	0
môi trường	0	1	0	0	0
món	0	0	0	0	1
môn	1	0	0	0	0
mong	0	0	1	0	0
một	0.375	1	0.16666667	0.5	0.8333333
một cách	0	1	0	0	0.5
một chút	0	0	0	0	1
một số	0.5	0.5	1	1	0.5
một vài	0	0	0	1	1
mu	1	0	0	0	0
mua	0	0.1	0	1	0.8
mùa	1	0	0	0.5	1
mua lẻ	0	0	0	0	1
mức	0	0.2	0	1	0.4
mục đích	0	0	0	1	0
mục sở thị	0	0	0	1	0
mục tiêu	0.5	1	0	0	0
mùi	0	0	1	0	0
mũi	1	0	0	0	0
mùi gì	0	0	0	0	1
muốn	1	0.5	0.5	1	1
mỹ	0.2	0.2	0	1	0
mỹ phẩm	0	0	1	0	0
nai	0	0	0	1	0
nam	1	0.09090909	0.36363637	0.4090909	0.45454547
năm	0.7692308	1	0.1923077	0.5	0.07692308
nắm	0	0.16666667	0	1	0
nằm	0	1	0.6666667	0.33333334	0.33333334
năm ngoái	0	0	0	1	0
nằm xuống	0	0	0	0	1
nạn nhân	0	0	1	0	0
nang	0	0	0	1	0
nâng	1	0	0	0	0
năng	1	0	0	0	1
nắng	0	0	0	1	0
nâng cấp	0	1	0	0	0
năng lực	0	0	0	1	0
năng lượng	0	1	0	1	1
nào	0.33333334	0	0.6666667	0.6666667	1
nấu	0	0	0	1	0
nay	0	0	1	0	0
này	0.33333334	1	0.42857143	0.8095238	0.71428573
nảy	0	0	1	0	0.5
nảy lửa	0	0	1	0	0
nên	0.14285715	0.14285715	1	0.5714286	0.2857143
nền	0.1	0	0	1	0
nền tảng	0.33333334	1	0	0	0
neo	0	0	0	1	0
nêu	0	0	1	0	0
nếu	0.2	0.6	0	0	1
ngạc nhiên	0	1	0	0	0
ngậm ngùi	0	0	0	0	1
ngàn	0	1	0	0	0
ngân	0	0	1	0	0
ngần	0	0	1	0	0
ngắn	0	0	0	1	0
ngân hàng	0	0	1	1	0
ngang	0	0	0	1	0
ngành	0	1	0	0	0
ngay	0	0.33333334	0	1	0.6666667
ngày	0.5	1	0.6666667	0.5	0.8333333
ngày càng	0	0	0	1	0.5
ngay lập tức	1	0	0	0	1
ngày mai	1	0	0	0	0
ngày xưa	0	0	1	0	0
nghệ	0	0.2	1	0	0
nghẹt thở	0	0	0	0	1
nghi	0	0	1	0	0
nghĩ	1	0	1	0	1
nghỉ dưỡng	0	0	0	1	0
nghĩa địa	0	0	0	0	1
nghĩa là	0	0	0	0	1
nghĩa vụ	0	0	1	0	0
nghiệm	0	1	0	1	1
nghiêm trọng	0	0	1	0	0
nghiên cứu	0	0	0	1	0
nghìn	0	1	0	0	0
ngờ	0	0	0	0	1
ngoài	1	0	1	1	0
ngoại	0	0	0	1	0
ngoạn mục	0	0	0	0	1
ngôi	0.33333334	0	0	1	0
ngôi vị	1	0	0	0	0
ngọn	0	1	0	0	0
ngôn ngữ	0	0.5	1	0	0
ngừng	1	1	0	0.5	0
ngược	0	0	0	0	1
người	0.9285714	1	0.85714287	0.5714286	0.64285713
nguồn	0.27272728	0.54545456	0.09090909	1	0
nguy cơ	1	0	0	0	0
nguyên	0	0	1	0	0
nguyên nhân	0	0	0	1	0
nhà	0.07692308	0.07692308	0.3846154	1	0.23076923
nhà riêng	1	0	1	0	0
nhà vua	1	0	0	0	0
nhắm	1	1	0	1	0
nhằm	0	0	0	1	0.5
nhân	0	1	0	0	1
nhận	0.33333334	0.33333334	0	1	0.33333334
nhân dân	0	0	1	0	0
nhận diện	0	0	0	1	0
nhận định	0.25	0	0	1	0
nhấn mạnh	0	0	0	1	0
nhân phẩm	0	0	0	0	1
nhàn rỗi	0	0	0	1	0
nhan sắc	0	0	1	0	0
nhân tố	1	0	0	0	0
nhân vật	0	1	0	0	0
nhân viên	0	0.5	1	0	0
nhận xét	1	0	0	0	0
nhanh	0	0.33333334	0	1	0
nhanh chóng	0	0	0	0	1
nhất	1	0.5	0	0.3	0.9
nhặt	1	0	0	0	0
nhất là	1	0	0	0	0
nhau	0	0.33333334	0	0.33333334	1
nhé	0	0	0	0	1
nhì	1	0	0	0	0
nhiệt	0.33333334	0	0	1	0
nhiều	0.875	0.875	0.5	1	0.25
nhiễu loạn	0	0	0	0	1
nhìn	0	1	0	1	0
nhìn nhận	0	0	0	1	0
nhịp	0	0	1	0	0
nhỏ	0.5	0	0	0.5	1
nhớ	1	0	0	0	0
nhờ	0	0.33333334	0	1	0.6666667
nhơn	0	0	0	1	0
như	0.3125	0.875	0.0625	0.8125	1
nhu cầu	0	0	0	1	0
như không	1	0	0	0	0
nhuận	0	0	0	1	0
nhưng	0.375	0.25	0.25	0.375	1
những	0.6666667	0.5	0.11111111	0.6666667	1
nó	0	1	1	0	0
nỏ	0	0	0	0	1
nợ	0	0	0	1	0
nỗ lực	0	1	0	0	0
nói	0.25	0.75	1	1	0.5
nơi	0	1	0	1	0.5
nội	0	0	1	0.90909094	0
nổi bật	0	0	0	1	0
nội bộ	0	0	1	0	0
nội dung	0	0	1	0.5	0
nội thất	0	0	0	1	0
nối tiếp	1	0	0	0	0
nói tóm lại	0	0	0	0	1
nõn	0	0	1	0	0
nóng	0	0	0	1	0
nông	0	0	0	0	1
nồng	0	1	0	0	0
nông dân	0	0	1	0	0
nóng giận	0	0	1	0	0
nụ	0	0	0	0	1
nữ	0	0	1	0	0
nữa	1	0.5	0	0	0.5
nửa	0	1	0	0	0
nức lòng	1	0	0	0	0
núi	0	1	0	0	0
nước	1	0	0.5	0.5	0.5
nước ngoài	1	0	0	0	0
nước nhà	1	0	0	0	0
nuôi	1	0	0	0	0
nút	0	0	0	1	0
ở	0.95454544	0.18181819	0.27272728	0.90909094	1
ơi	0	0	1	0	0
ơn	1	0	0	0	0
ổn	1	0	0	0	1
ổn định	1	1	0	0	0
ông	0.4	0.6	1	0.2	0
ông bà	0	0	1	0	0
ống kính	0	1	0	0	0
pha	1	0	0	0	1
phá	1	1	0	0	0
phải	0.8181818	0.54545456	0.6363636	1	0.8181818
phải chăng	0	1	0	0	0
phái sinh	0	0	1	0	0
phẩm	0	0	1	0	0
phạm	0	0	1	0.5	0
phẩm chất	1	0	0	0	0
phạm tội	0	0	1	0	0
phân	0	0	0	1	0
phấn	0	0	0	0	1
phần	0	0.33333334	0.6666667	0.6666667	1
phản	0	0	1	0	0.5
phân giải	0	1	0	0	0
phản hồi	0	1	0	0	0
phần mềm	0	1	0	0	0
phân phối	1	0	0	1	0
phân tích	1	0	0	0	0
phản ứng	0	1	0	0	0
phản xạ	1	0	0	0	0
pháp luật	0	0	1	0	0
pháp lý	0	0	0	1	0
pháp nhân	0	0	0	1	0
phát	0	0	1	1	1
phát biểu	0	1	0	0	0
phát hành	0	0.33333334	0	1	0.33333334
phát hiện	0	0.33333334	1	0	0
phát sinh	0	0	1	1	0
phát triển	0	0.25	0.125	1	0
phê	0	0	1	0	0
phê chuẩn	0	0	1	0	0
phép	0	0	0	1	1
phi thường	1	0	0	0	0
phía	0	0.14285715	1	0.14285715	0.2857143
phiên	0	0	0.5	1	0
phiên bản	0	1	0	0.5	0.5
phim	0	1	0	0	0
phó	0	0.33333334	1	0.33333334	0
phố	0	0	0	1	0
phối hợp	0	0	1	0	0
phóng	0	1	1	0	0
phòng	1	0	0	0	0
phong cách	0	0	0	1	0
phong độ	1	0	0	0	0
phòng ngự	1	0	0	0	0
phỏng vấn	1	1	0	0	0
phóng viên	0	0	1	0	0
phù	0	0	0	1	0
phủ	0	1	0	0	1
phụ	0	0	1	0	0
phù hợp	1	1	0	1	0
phụ kiện	0	1	0	0	0
phụ nữ	0	0	1	0	0
phụ thuộc	1	1	0	0	0
phúc thẩm	0	0	1	0	0
phụng	0	0	1	0	0
phường	0	0	1	0	0
phượng	1	0	0	0	0
phút giây	0	0	0	0	1
pin	0	1	0	0	0
qua	1	0	0	0.8	0.8
quá	0.2	0.2	0.4	0.6	1
quà	0	0	1	0	0
quả	0	0	0	1	0
qua đời	0	1	0	0	0
qua lại	0	0	0	0	1
quá tội	0	0	1	0	0
quá trình	0	0	1	0.33333334	0.33333334
quan	0	0	1	0	0
quân	1	0	0	0	1
quận	0	0	1	1	0
quan điểm	0	0	1	0	0
quản lý	0	0.5	1	1	0
quan ngại	0	1	0	0	0
quan tâm	0	0	0	1	0
quản trị	0	1	0	0	0
quan trọng	1	0.16666667	0	0.33333334	0.33333334
quán xuyến	1	0	0	0	0
quăng	0	0	0	0	1
quảng bá	0	0	0	1	0
quảng cáo	0	1	0	0	0
quanh	0	0	0	0	1
quay	0.5	0	0	1	0
quê	0	0	1	0	0
quen	0	0	0	0	1
quên	0	1	1	0	0
quen biết	0	0	1	0	0
quen thuộc	1	0	0	0	0
quốc gia	1	0.25	0.25	0.25	0.75
quốc tế	0	0	0	0	1
quy	0	0	0.2	1	0
quý	0	0.75	0	1	0
quy định	0	0	1	0.14285715	0
quy luật	0	0	0	1	0
quy mô	0	0	0	1	0
quyến	0	0	0	0	1
quyền	0	0	1	0.4	0
quyền lợi	0	0	1	0	0
quyền sở hữu	0	0	1	0	0
quyền tác giả	0	0	1	0	0
quyết định	0.8	0.4	1	0	0
quyết liệt	1	0	0	0	0
quỳnh	0	0	1	0	0
ra	0.53846157	0.7692308	1	0.46153846	1
ra đời	0	0	0	0	1
ra mắt	0	1	0	0	1
rà soát	0	0	1	0	0
ra tay	0	0	1	0	0
rắc rối	1	0	0	0	0
rằng	0.5	1	0.33333334	0.33333334	0.16666667
rạng	0	1	0	0	0
rảnh rỗi	0	0	0	0	1
rất	0.33333334	0.22222222	0	1	0.7777778
rẻ	0	1	0	0	0
riêng	1	0	0	0	0
riêng tư	0	1	0	0	0
rõ	0.5	1	0.5	0	0.5
rõ ràng	0	0	0	0	1
rồi	0	0	1	0	0
rơi	0	1	0	0	0
ròng	0	1	0	0.6666667	0
rộng	0	1	0	1	1
rủi ro	0	0	0	1	0
rưỡi	0	1	0	0	0
ruột	0	0	1	0	0
rượu	0	0	0	1	0
rút	0	0	1	0	0
sa	0	0	0	1	0
sạc	0	1	0	0	0
sắc đẹp	0	0	1	0	0
sách	0	1	0	0	0
sai	0	0	1	0	0
sài	0	0	0	1	0
sắm	0	0	0	1	0
sân	1	0	0	0	0
sản	0	0	0	0	1
sân bay	1	0	0	0	0
sân cỏ	1	0	0	0	0
sân khách	1	0	0	0	0
sân khấu	0	0	1	0	0
sân nhà	1	0	0	0	0
sản phẩm	0	0.4	0	1	0.8
sẵn sàng	0	0	0	1	0
sản xuất	0	1	0	0	0
sang	0	0.5	1	1	0
sáng	0.5	1	0.5	0	0.5
sàng	1	0	0	0	0
sáng lập	0	1	0	0	0
sáng suốt	0	1	0	0	0
sáng tạo	0	0	1	1	1
sao	0.5	0	0	1	0.5
sắp	0.5	0.25	0	0.25	1
sáp nhập	0	0	0	1	0
sát hại	0	0	1	0	0
sau	1	0.42857143	0.42857143	1	0.71428573
sâu	0	1	0	1	0
sau cùng	0	0	0	1	0
sẽ	0.6818182	0.4090909	0.09090909	0.3181818	1
sét	0	0	0	0	1
siêu	1	1	0	0	0
siêu sao	1	0	0	0	0
siêu thị	0	0	0	1	0
sinh	0	0	0.4	1	0.2
sinh lợi	0	0	0	1	0
sinh từ	0	0	0	1	0
so	0.4	0.8	0	1	0.6
số	0.8333333	0.16666667	0.33333334	1	0.33333334
sơ	0	0	1	0	0
sổ	0	0	1	0.5	0
sở	0.5	0	0	1	0
sợ	1	0	0	0	0
sơ cấp	0	0	0	1	0
sở hữu	0.5	0.33333334	0.33333334	1	0.16666667
sở hữu trí tuệ	0	0	1	0	0
số liệu	0	0	0	1	0
số lượng	0	0	0	1	0
số một	1	0	0	0	0
số phận	1	0	0	0	0
so sánh	0	0	0	1	0
sơ sẩy	0	0	0	0	1
sổ tay	0	0	0	1	0
sơ thẩm	0	0	1	0	0
sôi	1	0	0	1	0
sớm	0	0	0	0.33333334	1
song	0	0	0	1	0
sống	0	1	0	1	1
sống sót	0	0	0	0	1
sót	0	0	0	1	0
sốt	0	0	0	1	0
sử	0	1	0	1	0
sự	1	0.30769232	0.07692308	0.84615386	0.3846154
sử dụng	0.14285715	0.42857143	0	1	0.42857143
sứ mệnh	1	0	0	0	0
sự nghiệp	0	0	1	0	0
sự thật	0	1	0	0	0
sự việc	0	0	1	0	0
sửa	0	0	1	0	0
sữa tươi	1	0	0	0	0
sục	1	0	0	0	0
sức	0.33333334	0.33333334	0.33333334	0	1
sức khoẻ	0	0	1	0	0
sức mua	0	0	0	1	0
súng	0	0	0	0	1
sút	1	0	0	0	0
sụt giảm	0	1	0	1	0
ta	0.6666667	0	0	0.33333334	1
tác	0	0	1	0	0
tác động	0	1	0	0	0
tác phẩm	0	0.16666667	1	0	0
tái	1	1	0	0	0
tài	0	0	0	1	0
tải	0	0	0	0	1
tại	1	0.5625	1	1	0.375
tài chính	0	0.2	0	1	0
tài liệu	0	0.5	1	0	0
tài năng	0	0	0	0	1
tài nguyên	0	1	0	0	0
tài sản	0	0.6666667	1	1	0
tại sao	0	1	0	0	0
tái tạo	0	1	0	1	0
tài trợ	1	0	0	0	0
tâm	1	0	0	1	0
tấm	1	0.5	0	0	0
tầm	1	0	0	0.5	0
tắm	0	0	1	0	0
tẩm	0	0	1	0	0
tạm	0	0.33333334	1	0	0
tâm lý	0.25	0	0	1	0
tam tấu	1	0	0	0	0
tận	0	0	0	0	1
tấn công	1	0	0	0	0
tận cùng	0	1	0	0	0
tận dụng	0	0	0	0	1
tán dương	1	0	0	0	0
tận tâm	1	0	0	0	0
tận thế	0	1	0	0	0.5
tăng	0	0.2	0	1	0.1
tầng	0	0	0	1	0
tặng	0	0	0	0	1
tăng cường	0	0	1	0	0
tăng giá	0	0	0	1	0
tăng tốc	0	0	0	0	1
tăng trưởng	0.11111111	0.11111111	0	1	0
tạo	1	0.75	0	0.25	0.5
tạo dựng	0	0	1	0	0
tạo lập	0	0	0	1	0
tập đoàn	0	0	0	1	0
tập luyện	1	0	0	0	0
tập trung	1	0	0	0	0
tất	0	0	1	0	0
tắt	0	0	0	0	1
tất cả	0.5	1	0	0	0.5
tất yếu	0	0	0	0	1
tay	0	0	1	1	0
tây	1	0	0	0.16666667	0
tay cầm	0	0	0	0	1
tay vợt	1	0	0	0	0
tệ	0	0	0	0	1
tên	0.18181819	0.09090909	0.09090909	0.09090909	1
tên lửa	0	1	0	0	0
tên tuổi	1	0	0	0	0
test	0	0	0	0	1
thách	0	0	0	1	0
thái	1	0	0	0.14285715	0
thái bình	0	0	1	0	0
thái độ	0	1	0	0	0
thăm	0	0	1	0	0
thậm chí	1	1	0	0	0
thẩm định	0	0	1	0	0
tham gia	0	0	1	1	0
thẩm mỹ	0	0	1	0	0
thẩm quyền	0	0	1	0	0
tham số	0	1	0	0	0
thảm thực vật	0	0	0	1	0
tham vọng	0	1	0	0	0
thân	1	0	0	0	1
thân chủ	0	0	1	0	0
than phiền	0	1	0	0	0
tháng	0.1	1	0.6	0.8	0.6
thắng	1	0	0	0	0
thằng	0	0	0	0	1
thẳng	0	0.5	0	0.5	1
thẳng đứng	0	0	0	1	0
thanh	0	0	0	1	0
thành	0.33333334	0	1	0.6666667	0
thành công	1	0.16666667	0.16666667	0.16666667	0.33333334
thành lập	0	0	1	0	0
thanh lý	0	0	0	1	0
thành phố	0	0	0	1	0
thành tích	1	0	0	0	0
thanh toán	0	0	1	1	0
thành viên	0	0.5	0	0	1
thấp	0	0	0	1	0.5
thập kỷ	1	1	0	0	0
thắt	0	0	0	1	0
thật	0	1	0	0	0
thất bại	1	0	0	0	0
thâu	0	0	0	1	0
thâu tóm	0	0	0	1	0
thay	0.5	1	0	0	0
thấy	0.75	1	0.25	0.75	0.5
thầy	1	0	0	0	0
thay đổi	0	1	0	0.33333334	0.6666667
thay thế	1	0	0	1	0
thay vì	0	0	0	0	1
the	0	0.6666667	0	1	0
thế	1	0.6666667	0	0.33333334	0.6666667
thể	0.5	0	1	0.5	0
thế chân	1	0	0	0	0
thế giới	0.083333336	0.41666666	0	1	0.083333336
thế hệ	1	1	0	0	0
thể hiện	0.6666667	0.33333334	0	0.33333334	1
thể lực	1	0	0	0	0
thế nào	0	1	0	0	0
thể nào	0	0	0	0	1
thêm	0.75	0	0	0.75	1
theo	0.06666667	0.06666667	1	0.6	0.2
theo dõi	1	0.5	0	0.5	0.5
theo đuổi	0	1	0	0	0
thi	0	0	1	0	0
thí	0	1	0	0	0
thì	0	0	1	0	0.75
thị	0	0.33333334	0.33333334	1	0
thi đấu	1	0	0	0	1
thị phần	0	1	0	1	0
thi thoảng	0	0	1	0	0
thị trường	0	0.071428575	0	1	0
thích	0	0	0	1	0
thiên	0	0	0	0	1
thiên nhiên	0	0	0	1	1
thiên thạch	0	1	0	0	0
thiên thần	0	0	0	0	1
thiết bị	0	1	0	0.25	1
thiệt hại	0	0	1	0	0
thiết kế	0	0.5	0	1	0
thiếu	1	1	1	0	1
thiếu niên	1	0	0	0	0
thở	0	0	1	0	1
thoáng	0	0	0	1	0
thôi	0	0	0	0	1
thời	0.5	0.5	0	0.5	1
thời đại	0	1	0	0	0
thời điểm	0.33333334	0.6666667	0.6666667	1	0.6666667
thời gian	0	0.33333334	0.33333334	1	0
thôi thì	0	0	0	0	1
thông	0	0	0	0	1
thống	0	0	0	1	0
thông báo	0	1	0.5	0.5	0
thông cáo	0	0	1	0	0
thông qua	0	1	0	0	0
thông thường	0	0	0	1	0
thông tin	0	0	1	0.33333334	0.33333334
thống trị	1	0	0	1	1
thớt	0	0	0	0	1
thu	0	0.5	1	1	0.5
thú	0	0	0	0	1
thủ	0	0	0	0.25	1
thư	0	0	0	1	0
thứ	0.4	0.6	0	0.6	1
thử	0	1	0	0	0
thứ ba	1	1	0	0	0
thủ đô	0	0	0	1	0
thứ hai	1	0	0.33333334	1	0.33333334
thứ hạng	0	0	0	0	1
thụ hưởng	0	0	0	1	0
thu hút	0	0	0	1	0
thụ lý	0	0	1	0	0
thủ môn	1	0	0	0	0
thử nghiệm	0	1	0	0	0
thủ quân	1	0	0	0	0
thu thập	0	0	1	0	0
thủ thư	1	0	0	0	0
thủ tục	0	0	1	0	0
thú vị	0	0.33333334	0	0	1
thua	1	0	0	0	0
thừa	1	0	0	0	0
thua lỗ	0	0	0	1	0
thừa nhận	0	0	1	0	0
thuần	0	0	0	1	0
thuần khiết	1	0	0	0	0
thuật	1	0	0	0	0
thực	1	1	1	1	0
thực chất	0	0	0	0	1
thúc đẩy	0	0	0	1	0
thực hiện	0	0.25	1	0	0
thực ra	0	0	0	0	1
thực sự	0.5	0	0	0	1
thực thụ	0	0	0	0	1
thuê	0	0	0.5	1	0.5
thuế	0	0	0	1	0
thuốc	1	0	0	0	0
thuộc	0	0	0	1	0
thương	0	0.083333336	1	0.083333336	0.083333336
thường	0.33333334	0.33333334	0	0	1
thượng	1	0	0	0	0
thương hiệu	0	0	0	1	0
thương mại	0	1	1	1	0
thương mại điện tử	0	1	0	0	0
thường ngày	0	1	0	0	0
thường xuyên	0	0	0	1	1
thuyết	0	0	1	0	0
thuyết phục	0	0	0	0	1
tích	1	0	0	0	0
tích cực	0	0.5	0	1	0
tích hợp	0	1	0	0	0
tiềm	1	0	0	0	0
tiềm năng	0	0	0	1	0
tiềm tàng	0	0	0	0	1
tiến	0.5	0	0	0	1
tiền	0.33333334	0	0.16666667	1	0.6666667
tiến bộ	1	0	0	0	1
tiền đạo	1	0	0	0	0
tiến độ	0	0	0	1	0
tiện ích	0	0	0	1	0
tiền nhiệm	0	1	0	0	0
tiên phong	0	0	1	0	0
tiếng	1	0	0	0	0
tiếng là	0	0	0	0	1
tiếng vang	0	0	0	1	0
tiếp	1	0	0	0	0.14285715
tiếp cận	0	1	0	1	0
tiếp theo	1	0	0	0.6666667	0.6666667
tiếp tục	0	0	1	1	1
tiết kiệm	0	0	1	0	0
tiết lộ	0	1	0	0	0.5
tiêu	0	0	0	0	1
tiểu	0	0	0	1	0
tiêu biểu	1	0	0	0	0
tiêu chí	0	0	0	1	0
tiêu chuẩn	0	0	0	1	0
tiêu diệt	0	0	0	0	1
tiêu dùng	0	0	0	0	1
tiêu thụ	0	0	0	1	0
tim	0	1	0	0	0
tìm	0	1	0	0	1
tìm hiểu	0	0	0	1	0
tìm kiếm	0	0	0	1	0.5
tin	1	1	0	1	0
tin cậy	0	0	0	1	0
tín hiệu	0	0	0	0	1
tin học	0	0	0	1	0
tin tưởng	1	0	0	0	0
tinh	0	0	0	1	0
tính	0	0.25	0	1	0.5
tỉnh	0	0	1	0.5	0
tính chất	0	0	0	0	1
tình hình	0	1	0	0	0
tinh hoa	0	0	1	0	0
tình huống	1	0	0	0	0
tính năng	0	1	0	0	0
tinh quái	0	0	0	0	1
tỉnh táo	0	0	0	0	1
tình thế	1	0	0	0	0
tình trạng	0	1	0	0	0
tính từ	0	0	0	1	0
tố	0	0	1	0	0
tỏ	0.5	0.5	0	0	1
tố cáo	0	0	1	0	0
tổ chức	0	0	0	1	0
tố giác	0	0	1	0	0
tổ quốc	0	0	0	0	1
tố tụng	0	0	1	0	0
toán	0	0	1	0	0
toàn	0	0	0	1	0
toàn bộ	0	1	0	1	1
toàn cầu	0	1	0	0	0
toàn diện	0	0	0	1	0
tốc	1	0	0	0	0
tôi	0.33333334	0.6666667	1	0	0
tối	1	0	0.33333334	0	0
tới	0.375	0.625	0.125	0.125	1
tội	0	0	1	0	0
tối cao	0	0	1	0	0
tối giản	0	0	0	1	0
tối thiểu	0	0	0	1	0
tốn	0	1	0	0	0
tồn kho	0	0	0	1	0
tồn tại	0	1	0	0	1
tôn trọng	1	0	0	0	0
tống	0	0	1	0	0
tổng	0.33333334	0	0	1	0
tổng cộng	0	0	0	1	1
tổng công ty	0	0	1	0	0
tổng đài	0	1	0	0	0
tổng giám đốc	0	0	1	0	0
tổng hợp	0	0	0	0	1
top	0	0.16666667	0	0	1
tốt	1	0.25	0	0	0.5
tour	1	0	0	0	0
trả	0	0	0.6666667	1	0.33333334
trả lời	0	0.6666667	1	0	0
trai	0	0	0	0	1
trái	1	0	0.33333334	0	0
trải	0	0.5	0	0.5	1
trái đất	0	1	0	0	0
trái phiếu	0	0	0	1	0
trăm	0	0.5	0	1	0
trần	0	0	0	1	0
trận	1	0	0	0	0.07692308
trang	1	0.5	0.5	0	0
trắng	0	1	0	0	0
trang bị	0	1	0	0	0
trang thiết bị	0	0	0	1	0
trắng toát	0	1	0	0	0
trang trại	1	0	0	0	0
tranh	0	0	1	0	1
tranh cãi	0	0	1	0	0
tranh chấp	0	0	1	0	0
tre	0	0	1	0	0
trẻ	1	0	0	0.5	0.5
trên	1	1	0.13333334	0.8	0.6
treo	1	0	0	1	0
trí	0	0	1	0	0
trị	0	0	0	1	0
trị giá	0	1	0	0	0
trích dẫn	1	0	0	0	0
triển khai	0	1	0	0	0
triển vọng	0	1	0	0	0
triệt để	0	0	1	0	0
triệu	0	0.5714286	0.14285715	1	0
triệu hồi	0	0	0	0	1
trình	0	0	1	0	0
trình bày	0	0	1	0	0
trình diễn	0	0	0	0	1
trình độ	0	0	0	0	1
trình duyệt	0	1	0	0	0
trò	1	0	0	0	0
trở	1	0	0.33333334	0.33333334	0.6666667
trở lại	0	1	0	1	0
trở nên	0	0	0	1	1
trở thành	1	0.5	0	0.75	0.25
trời	0	0	0	1	0
trong	0.8	0.8	0.26666668	1	0.5
trống	0	0	0	0	1
trọng	0	1	0	0	0
trông chờ	1	0	0	0	0
trong lành	0	0	0	1	0
trừ	0.5	0	0.5	0.5	1
trực	0	1	0	0	1
trực tiếp	0	0	0	0	1
trực tuyến	0	1	0	0	1
trung	0	1	0	0.5	0
trung tâm	1	0	0	0.6666667	0.33333334
trung vệ	1	0	0	0	0
trước	1	0.16666667	0	0.41666666	0.25
trương	0	0	0	1	0
trường	0	0.33333334	0	1	0
trường hợp	0.5	1	0	0	0
truy cập	0	1	0	0	0
truy tìm	0	0	1	0	0
truyền thông	0	1	0	0	0
tú	0	0	1	0	0
tư	0.5	0	0	1	0
từ	0.36363637	0.18181819	0.27272728	1	0.6363636
tự	1	1	0	0	1
tư cách	0.5	0	1	0.5	0
tự hào	1	0	0	0	0
tự nhiên	0	0	0	1	0
tư pháp	0	0	1	0	0
tự quyết	1	0	0	0	0
tự tại	1	0	0	0	0
tự tin	0	0	0	0	1
tự tử	0	0	1	0	0
tựa	0	0	0	0	1
tuần	0	0.23076923	1	0	0
tục	0	0	0	1	1
tức	0	0	1	0	0
tung	0	0	0	0	1
từng	0.75	0.25	1	0.75	0
tuổi	0	0	1	0	0
tương	0	0	0	1	1
tướng	0	0	0	0	1
tương đối	0	0	0	0	1
tương đương	0	0	0	1	0
tương lai	0	0.5	0	1	0
tường tận	1	0	0	0	0
tương thích	0	0	0	0	1
tương tự	0	0	1	0	0
tuy	0	0.25	0	1	0.25
tuy nhiên	0	0	0	0	1
tuyên	0	0	1	0	0
tuyến	1	0	0	0	0
tuyển	1	0	0	0	0
tuyên án	0	0	1	0	0
tuyển thủ	0	0	0	0	1
tuyệt đối	1	0	0	1	0
tuyệt nhiên	0	0	0	0	1
ty	0	1	0	1	0
tỷ	0	0.5555556	0.055555556	1	0
tỷ lệ	0	0	0	1	0
tỷ phú	0	0	0	1	0
tỷ suất	0	0	0	1	0
tỷ trọng	0	0	0	1	0
ủng	0	0	0	0	1
ứng	0	0	0	1	0
ứng cử viên	0	0	0	0	1
ứng dụng	0	1	0	0	0
ủng hộ	0	1	0	0	1
ước tính	0	1	0	0.25	0
ưu	0	1	0	0	0
ưu thế	1	0	0	0	1
ưu tiên	1	0	0	0	0
uy tín	0	0	0	1	0
uyển chuyển	1	0	0	0	0
và	0.65	0.55	0.5	0.75	1
vài	0	0.25	0	0.5	1
vai trò	0	1	1	0.5	0.5
ván	0	0	0	0	1
văn	1	0	0.42857143	0	0
vấn	0	0	0	1	0
vẫn	0.4	0.6	0.2	1	1
vạn	1	0	0	0	0
vận	0	0	0	1	0
văn bản	0	0	0	1	0
vấn đề	0	0.5	0	1	0.5
vận động	0	0	0	1	0
vận dụng	0	0	1	0	0
vận hành	1	1	0	1	0
vàng	1	0	0	0.5	0.5
vắng	1	0	0	0	0
vào	1	0.7368421	0.36842105	0.7894737	0.6315789
vào khoảng	0	0	0	1	0
vật	0	1	1	0	0
vặt	0	0	0	1	0
vật phẩm	0	0	1	0	0
vay	0	0	0	1	0
vậy	0	0.6666667	0	0.33333334	1
vé	1	0	0	0	0
về	0.6875	0.5625	1	0.75	0.375
vệ	1	0	0.2857143	0	0
ven	0	0	0	1	0
vén	0	0	0	0	1
vi	0	0	1	0	0
ví	1	0	0	0	1
vì	1	1	0.5	0.5	1
vị	0	0	0	1	1
vi phạm	0	0	1	0	0
vì sao	1	0	0	0	0
vị thế	1	0	0	1	0
vị trí	0.5555556	0.11111111	0.11111111	0.44444445	1
video	0.33333334	1	0	0	0
việc	0.125	0.3125	0.1875	1	0.1875
việc làm	0	0	1	0	0
viên	0	1	0	0	0
viện	0	0	1	0	0
vinh dự	1	0	0	0	0
vở	0	0	1	0	0
vợ	0	0	1	0	0
vô cùng	0	1	0	0	0
vô danh	1	0	0	0	0
vô địch	1	0	0	0	0.2
vô ích	0	0	0	0	1
vỗ tay	1	0	0	0	0
voi	1	0	0	0	0
với	0.6969697	0.54545456	0.3030303	1	0.54545456
vội vàng	0	0	1	0	0
vốn	0	0	0	1	0.22222222
vốn điều lệ	0	0	1	0	0
vỏn vẹn	0	0	0	0	1
vòng	0.33333334	0	0	0	1
vòng loại	1	0	0	0	0
vợt	1	0	0	0	0
vụ	0	0.14285715	1	0.14285715	0.14285715
vũ khí	1	1	0	0	0
vụ việc	0	0	1	0	0
vừa	0.25	1	1	0.25	0.25
vừa qua	1	0	0	0	0
vừa rồi	0	1	0	0	0
vực	0	1	0	0	0
vui	0	0	0	1	0
vui chơi	0	0	0	1	0
vùng	0	0	0	1	0
vững	0	0	1	1	0
vững mạnh	0	0	0	1	0
vùng ven	0	0	0	1	0
vươn	1	0.5	0	0	0
vương	0	0	0	1	0
vương vãi	0	0	1	0	0
vượt	0.6666667	0	0	1	0
vượt bậc	1	0	0	0	0
vứt	0	0	0	0	1
web	0	1	0	0	0
website	0	1	0	0	0
world cup	1	0	0	0	0
x	0	1	0	0	0
xa	0	0.5	0	0.5	1
xã hội	0	1	0	0	0
xác	0	0	1	0	0
xác định	0	0	0	0	1
xác nhận	0	1	0	0	0
xâm hại	0	0	1	0	0
xâm phạm	0	0	1	0	0
xăng	0	0	1	0	0
xanh	0	0	0	1	0
xây	0	0	0	1	0
xảy	0	1	0.6666667	0.33333334	0
xây dựng	0	0.5	1	1	0
xe	0	1	0	0	0
xe tăng	0	0	0	0	1
xem trọng	0	0	0	1	0
xem xét	0	0	1	0	0
xếp	1	0	0	0	1
xét	0	0	0	1	1
xét xử	0	0	1	0	0
xin	0	0	1	0	0
xinh	0	0	1	0	0
xoay	0	0	0	0	1
xơi	0	0	1	0	0
xứ	1	0	0	0	0
xu hướng	0	0	0	1	0
xử lý	1	1	1	0	1
xuân	0	0	1	0	0
xuất	0.5	0	0	0	1
xuất hiện	0	1	0	1	0
xuất nhập khẩu	0	0	1	0	0
xuất phát	0	1	0	0	0
xuất sắc	1	0	0	0	0
xuống	0.5	0.5	0	1	0.5
xướng	0	0	0	0	1
y	0	0	1	0	0
ý kiến	0	0	1	0	0
ý nghĩa	1	0	0	0	0.5
ý tưởng	0	1	0	0	1
yêu	0	0	0.5	1	0
yêu cầu	0	0.25	1	0	0
yếu tố	1	0	0	1	0
